image_00000 333 221 354 248
image_00001 336 225 357 250
image_00002 336 226 358 251
image_00003 336 221 357 250
image_00004 336 220 360 250
image_00005 333 218 357 247
image_00006 333 217 360 250
image_00007 333 215 357 247
image_00008 335 213 362 249
image_00009 329 216 355 248
image_00010 330 203 358 251
image_00011 331 202 358 249
image_00012 330 215 359 249
image_00013 335 201 364 250
image_00014 333 200 369 250
image_00015 332 201 372 252
image_00016 332 200 373 250
image_00017 329 202 377 253
image_00018 329 202 378 249
image_00019 331 202 377 253
image_00020 329 202 378 249
image_00021 328 203 378 249
image_00022 329 203 375 248
image_00023 327 206 377 253
image_00024 329 203 380 251
image_00025 330 206 379 249
image_00026 328 206 376 249
image_00027 328 203 378 251
image_00028 328 207 378 250
image_00029 330 208 379 252
image_00030 344 206 378 247
image_00031 342 205 377 249
image_00032 341 207 377 254
image_00033 345 206 378 254
image_00034 346 205 377 256
image_00035 345 204 379 256
image_00036 351 206 379 253
image_00037 351 207 380 258
image_00038 349 208 383 254
image_00039 347 206 384 255
image_00040 348 205 383 256
image_00041 346 205 385 255
image_00042 353 202 385 245
image_00043 354 203 390 237
image_00044 356 203 388 231
image_00045 358 203 389 231
image_00046 356 204 389 230
image_00047 359 203 389 231
image_00048 357 202 389 228
image_00049 358 203 390 229
image_00050 363 203 390 225
image_00051 361 202 388 227
image_00052 363 202 389 224
image_00053 364 204 389 222
image_00054 367 203 389 221
image_00055 368 204 388 218
image_00056 367 204 386 221
image_00057 367 202 387 220
image_00058 369 205 385 218
image_00059 367 202 385 215
image_00060 369 205 385 216
image_00061 369 203 383 219
image_00062 369 201 382 216
image_00063 369 204 376 213
